NodeNo	x	y	T	qx	qy
1	0.000000	0.000000	77.541270	78.683367	-3455.347265
2	1.000000	0.000000	70.491931	2932.175616	-3148.585573
3	1.000000	1.000000	100.000000	771.762177	-12749.525789
4	0.000000	1.000000	100.000000	2.589768	-5186.236622
5	0.062500	0.000000	77.516753	157.511847	-3427.936403
6	0.125000	0.000000	77.443018	316.213064	-3424.836030
7	0.187500	0.000000	77.319511	477.265359	-3419.621903
8	0.250000	0.000000	77.145322	641.768516	-3412.222646
9	0.312500	0.000000	76.919215	810.726846	-3402.539062
10	0.375000	0.000000	76.639656	985.011641	-3390.443567
11	0.437500	0.000000	76.304867	1165.316805	-3375.781197
12	0.500000	0.000000	75.912885	1352.113447	-3358.372873
13	0.562500	0.000000	75.461641	1545.604805	-3338.019338
14	0.625000	0.000000	74.949046	1745.682845	-3314.507060
15	0.687500	0.000000	74.373101	1951.893582	-3287.618084
16	0.750000	0.000000	73.732002	2163.422743	-3257.144199
17	0.812500	0.000000	73.024255	2379.115334	-3222.907107
18	0.875000	0.000000	72.248773	2597.575651	-3184.809498
19	0.937500	0.000000	71.404918	2817.974340	-3143.417129
20	1.000000	0.062500	71.472546	3001.783060	-3254.185959
21	1.000000	0.125000	72.521052	3051.104703	-3476.865703
22	1.000000	0.187500	73.640383	3103.903343	-3708.708194
23	1.000000	0.250000	74.833531	3159.516812	-3951.414607
24	1.000000	0.312500	76.104319	3217.867924	-4208.045441
25	1.000000	0.375000	77.457646	3278.875662	-4482.535955
26	1.000000	0.437500	78.899806	3342.380282	-4780.015167
27	1.000000	0.500000	80.438926	3408.064101	-5107.396786
28	1.000000	0.562500	82.085658	3475.302978	-5474.384839
29	1.000000	0.625000	83.854265	3542.851144	-5895.279584
30	1.000000	0.687500	85.764479	3608.101365	-6392.503729
31	1.000000	0.750000	87.844892	3665.089339	-7004.334667
32	1.000000	0.812500	90.139942	3697.877308	-7805.063125
33	1.000000	0.875000	92.727077	3649.113315	-8975.706668
34	1.000000	0.937500	95.774598	3042.139428	-11346.540284
35	0.937500	1.000000	100.000000	381.496416	-10833.274364
36	0.875000	1.000000	100.000000	201.658768	-9083.808813
37	0.812500	1.000000	100.000000	131.741202	-8083.608902
38	0.750000	1.000000	100.000000	95.022110	-7403.318965
39	0.687500	1.000000	100.000000	72.396767	-6901.062334
40	0.625000	1.000000	100.000000	56.978792	-6512.935656
41	0.562500	1.000000	100.000000	45.706050	-6204.881129
42	0.500000	1.000000	100.000000	37.015597	-5956.716187
43	0.437500	1.000000	100.000000	30.026601	-5755.589594
44	0.375000	1.000000	100.000000	24.203338	-5592.899778
45	0.312500	1.000000	100.000000	19.198968	-5462.692860
46	0.250000	1.000000	100.000000	14.776185	-5360.767399
47	0.187500	1.000000	100.000000	10.763782	-5284.147497
48	0.125000	1.000000	100.000000	7.031321	-5230.762188
49	0.062500	1.000000	100.000000	3.473639	-5199.247307
50	0.000000	0.937500	98.380110	6.865167	-5175.053897
51	0.000000	0.875000	96.766658	13.571651	-5144.335309
52	0.000000	0.812500	95.165930	19.971582	-5093.919133
53	0.000000	0.750000	93.583929	25.938750	-5024.921619
54	0.000000	0.687500	92.026248	31.374214	-4938.796014
55	0.000000	0.625000	90.497986	36.210140	-4837.248439
56	0.000000	0.562500	89.003675	40.408224	-4722.140781
57	0.000000	0.500000	87.547253	43.957974	-4595.410758
58	0.000000	0.437500	86.132048	46.870308	-4458.989659
59	0.000000	0.375000	84.760790	49.171665	-4314.755615
60	0.000000	0.312500	83.435639	50.897325	-4164.488008
61	0.000000	0.250000	82.158211	52.087274	-4009.857473
62	0.000000	0.187500	80.929624	52.780935	-3852.408771
63	0.000000	0.125000	79.750527	53.013233	-3693.579956
64	0.000000	0.062500	78.621138	52.812715	-3534.708134
65	0.500000	0.500000	86.117290	1232.593012	-4886.721722
66	0.750000	0.250000	78.264447	2215.462313	-4122.946462
67	0.250000	0.250000	81.761990	669.024030	-4059.933694
68	0.250000	0.750000	93.383103	351.949161	-5157.216778
69	0.750000	0.750000	91.208721	1687.089497	-6363.271726
70	0.375000	0.125000	78.833433	1000.813623	-3689.635362
71	0.125000	0.125000	79.650718	347.236794	-3720.511213
72	0.625000	0.125000	77.106769	1782.843165	-3659.688942
73	0.500000	0.250000	80.515826	1374.530680	-4076.397076
74	0.875000	0.125000	74.332511	2634.416879	-3600.681532
75	0.625000	0.375000	82.224676	1725.584519	-4579.771390
76	0.375000	0.375000	83.900000	976.955907	-4448.112931
77	0.125000	0.375000	84.668048	297.641519	-4326.697473
78	0.250000	0.500000	87.210238	549.086737	-4672.044789
79	0.125000	0.625000	90.429481	220.192609	-4864.430288
80	0.375000	0.625000	89.850598	761.044028	-5067.328672
81	0.125000	0.875000	96.740915	93.514967	-5182.111125
82	0.875000	0.375000	79.388191	2804.695582	-4565.987055
83	0.875000	0.625000	85.884315	2810.918167	-5922.938316
84	0.750000	0.500000	84.001391	2210.839651	-5134.355353
85	0.875000	0.875000	94.554733	1872.063781	-7995.444302
86	0.625000	0.625000	88.502685	1461.210570	-5460.440136
87	0.625000	0.875000	95.964689	657.419662	-6364.226134
88	0.375000	0.875000	96.519344	284.933006	-5529.562109
89	0.500000	0.750000	92.703389	798.189708	-5621.368832
90	0.187500	0.062500	78.396746	481.726428	-3528.752847
91	0.062500	0.062500	78.596333	185.521654	-3560.393636
92	0.312500	0.062500	77.991595	818.570855	-3517.715181
93	0.250000	0.125000	79.348110	651.004148	-3692.897267
94	0.437500	0.062500	77.369540	1177.171389	-3499.143777
95	0.312500	0.187500	80.299104	821.544835	-3866.802664
96	0.187500	0.187500	80.705171	509.068981	-3886.009710
97	0.562500	0.062500	76.515247	1562.340917	-3470.510467
98	0.500000	0.125000	78.092259	1376.952881	-3680.290039
99	0.562500	0.187500	78.810668	1582.384517	-3876.618544
100	0.437500	0.187500	79.673617	1186.082429	-3874.932328
101	0.687500	0.187500	77.689440	2012.326034	-3863.135265
102	0.625000	0.250000	79.527809	1795.430779	-4090.160006
103	0.375000	0.250000	81.253056	992.175183	-4053.496570
104	0.687500	0.062500	75.411634	1974.539281	-3428.502088
105	0.812500	0.062500	74.043028	2408.625317	-3369.500403
106	0.750000	0.125000	75.858571	2216.551972	-3621.324822
107	0.937500	0.062500	72.398807	2820.287297	-3332.406282
108	0.812500	0.187500	76.289955	2433.789535	-3866.327435
109	0.437500	0.312500	82.214609	1162.367522	-4256.644514
110	0.312500	0.312500	82.825072	825.422191	-4245.853813
111	0.562500	0.312500	81.364497	1567.479703	-4297.515690
112	0.500000	0.375000	83.189740	1332.414774	-4480.883022
113	0.687500	0.312500	80.246567	1978.699832	-4363.333595
114	0.562500	0.437500	84.185850	1461.542418	-4765.126545
115	0.437500	0.437500	84.994210	1122.722958	-4672.197007
116	0.062500	0.187500	80.904827	158.696977	-3853.087429
117	0.125000	0.250000	82.060078	314.766815	-4015.374103
118	0.062500	0.312500	83.411716	153.102807	-4166.654782
119	0.187500	0.312500	83.218835	465.723237	-4183.606324
120	0.062500	0.437500	86.110004	141.078985	-4462.883796
121	0.250000	0.375000	84.385480	609.188574	-4361.479109
122	0.187500	0.437500	85.931919	430.655215	-4493.712981
123	0.187500	0.562500	88.830639	373.144463	-4774.394802
124	0.125000	0.500000	87.464224	266.662127	-4614.722779
125	0.250000	0.625000	90.218975	456.531000	-4946.427450
126	0.187500	0.687500	91.891495	291.232926	-5008.826145
127	0.062500	0.562500	88.984656	121.721986	-4727.951067
128	0.312500	0.437500	85.566382	742.881787	-4553.410879
129	0.375000	0.500000	86.770149	864.484699	-4764.815907
130	0.312500	0.562500	88.512378	649.587192	-4866.779340
131	0.437500	0.562500	88.008048	1008.821254	-4980.449823
132	0.312500	0.687500	91.641810	539.654549	-5123.957180
133	0.062500	0.687500	92.011470	94.583295	-4946.526096
134	0.125000	0.750000	93.534781	158.092853	-5059.424571
135	0.062500	0.812500	95.156516	60.248270	-5103.251972
136	0.187500	0.812500	95.079934	202.466488	-5174.425456
137	0.062500	0.937500	98.376873	25.969832	-5185.280149
138	0.937500	0.187500	74.597867	2945.265654	-3751.534972
139	0.937500	0.312500	77.095993	3040.814096	-4253.906911
140	0.875000	0.250000	76.703958	2742.785715	-4037.068779
141	0.937500	0.437500	79.928066	3135.062901	-4827.468576
142	0.812500	0.312500	78.831553	2515.024265	-4316.982282
143	0.937500	0.562500	83.151545	3216.380546	-5519.438270
144	0.875000	0.500000	82.426359	2839.575828	-5177.690516
145	0.812500	0.562500	84.928170	2479.936935	-5497.725922
146	0.812500	0.437500	81.696436	2528.416099	-4865.017890
147	0.812500	0.687500	88.590651	2300.526253	-6250.997695
148	0.750000	0.625000	87.399816	2061.020930	-5755.953740
149	0.750000	0.375000	80.969173	2259.569240	-4581.702365
150	0.937500	0.687500	86.864737	3252.008984	-6421.819480
151	0.937500	0.812500	91.253678	3118.477603	-7753.035494
152	0.875000	0.750000	89.869765	2617.851705	-6888.435970
153	0.937500	0.937500	96.739300	1869.181110	-9687.448069
154	0.812500	0.812500	92.767525	1787.854364	-7029.402515
155	0.687500	0.437500	83.101811	1977.555522	-4819.890023
156	0.687500	0.562500	86.278869	1858.780000	-5355.125425
157	0.625000	0.500000	85.211934	1675.215016	-5020.008240
158	0.687500	0.687500	89.801938	1577.818222	-5860.726196
159	0.562500	0.562500	87.281499	1337.307077	-5129.363063
160	0.812500	0.937500	97.495521	777.540978	-7945.058293
161	0.687500	0.937500	97.851854	431.142996	-6847.074201
162	0.750000	0.875000	95.445995	1058.954083	-7099.205770
163	0.562500	0.937500	98.065524	273.019056	-6175.764375
164	0.687500	0.812500	93.678326	1155.916709	-6472.363939
165	0.437500	0.937500	98.204332	179.598257	-5736.681573
166	0.500000	0.875000	96.298355	432.956077	-5866.435312
167	0.437500	0.812500	94.658834	513.096625	-5592.236371
168	0.562500	0.812500	94.265730	764.664396	-5960.031318
169	0.312500	0.812500	94.919574	331.609578	-5340.067164
170	0.375000	0.750000	93.115078	535.352680	-5351.257160
171	0.625000	0.750000	92.098287	1167.613249	-5988.123999
172	0.312500	0.937500	98.295095	114.910817	-5448.698194
173	0.187500	0.937500	98.350506	64.445613	-5272.615104
174	0.250000	0.875000	96.661214	174.527790	-5311.014188
175	0.562500	0.687500	90.649442	1131.507576	-5599.475749
176	0.437500	0.687500	91.240744	782.251778	-5334.060577
177	0.500000	0.625000	89.294725	1064.259898	-5277.644872
178	0.093750	0.031250	78.019457	237.647101	-3453.258877
179	0.031250	0.031250	78.068873	105.397345	-3481.501003
180	0.156250	0.031250	77.920250	398.070472	-3449.508570
181	0.125000	0.062500	78.521726	319.136534	-3531.987611
182	0.218750	0.031250	77.770510	561.427830	-3443.799450
183	0.156250	0.093750	79.023599	401.294747	-3611.927044
184	0.093750	0.093750	79.123600	266.229740	-3639.954799
185	0.281250	0.031250	77.569148	728.788521	-3436.030560
186	0.250000	0.062500	78.220462	647.859122	-3524.053844
187	0.281250	0.093750	78.669560	735.107500	-3606.609036
188	0.218750	0.093750	78.872631	566.112684	-3609.776313
189	0.343750	0.093750	78.412918	909.286004	-3602.156489
190	0.312500	0.125000	79.118077	822.994420	-3691.769804
191	0.187500	0.125000	79.525208	483.861057	-3693.401211
192	0.343750	0.031250	77.314758	901.102178	-3426.066859
193	0.406250	0.031250	77.005657	1079.170661	-3413.736866
194	0.375000	0.062500	77.708568	994.765902	-3509.507759
195	0.468750	0.031250	76.639944	1263.587043	-3398.835583
196	0.406250	0.093750	78.100940	1089.505585	-3596.073039
197	0.218750	0.156250	80.026776	566.593050	-3776.751158
198	0.156250	0.156250	80.177830	428.269448	-3802.407513
199	0.281250	0.156250	79.823476	736.203384	-3778.452496
200	0.250000	0.187500	80.528616	649.270179	-3862.340011
201	0.343750	0.156250	79.566358	911.380106	-3779.858893
202	0.281250	0.218750	81.031134	731.697210	-3950.558895
203	0.218750	0.218750	81.233080	589.394353	-3971.710160
204	0.531250	0.031250	76.215564	1454.705214	-3381.128264
205	0.500000	0.062500	76.972484	1366.286835	-3486.277066
206	0.531250	0.093750	77.302805	1470.434357	-3577.214792
207	0.468750	0.093750	77.731626	1276.420819	-3587.929609
208	0.593750	0.093750	76.812226	1671.645093	-3563.346337
209	0.562500	0.125000	77.631231	1576.155410	-3671.781566
210	0.437500	0.125000	78.492221	1185.272216	-3686.007457
211	0.593750	0.156250	77.958081	1683.665582	-3770.123591
212	0.531250	0.156250	78.451813	1478.875992	-3776.439313
213	0.500000	0.187500	79.273097	1380.010516	-3877.069047
214	0.468750	0.156250	78.882799	1282.079685	-3779.574216
215	0.531250	0.218750	79.663572	1479.227994	-3978.818468
216	0.468750	0.218750	80.094208	1279.857764	-3973.446240
217	0.406250	0.156250	79.253522	1093.083584	-3780.450735
218	0.656250	0.156250	77.399112	1896.259703	-3759.596626
219	0.625000	0.187500	78.283659	1793.277860	-3872.405135
220	0.656250	0.218750	78.608238	1905.415543	-3978.805379
221	0.593750	0.218750	79.169209	1687.770020	-3981.092692
222	0.718750	0.218750	77.977875	2131.594296	-3970.367687
223	0.687500	0.250000	78.932043	2020.626146	-4089.520794
224	0.562500	0.250000	80.054700	1579.987018	-4085.186681
225	0.375000	0.187500	80.014819	1000.167569	-3871.227544
226	0.406250	0.218750	80.463946	1089.307988	-3966.260177
227	0.343750	0.218750	80.775451	906.898672	-3958.340256
228	0.437500	0.250000	80.914292	1178.806781	-4065.383923
229	0.312500	0.250000	81.534829	813.707169	-4041.833855
230	0.593750	0.031250	75.730398	1652.579798	-3360.354632
231	0.656250	0.031250	75.182360	1856.938841	-3336.237868
232	0.625000	0.062500	75.995661	1765.241668	-3451.406452
233	0.718750	0.031250	74.569504	2067.141625	-3308.500031
234	0.656250	0.093750	76.257661	1879.803789	-3545.689127
235	0.781250	0.031250	73.890141	2282.191858	-3276.883659
236	0.750000	0.062500	74.761281	2189.401528	-3401.337052
237	0.781250	0.093750	74.948464	2314.001279	-3496.383188
238	0.718750	0.093750	75.637017	2094.271493	-3523.581315
239	0.843750	0.093750	74.190564	2537.544750	-3463.551623
240	0.812500	0.125000	75.130978	2441.425005	-3593.370460
241	0.687500	0.125000	76.516582	1996.592551	-3643.159049
242	0.843750	0.031250	73.142949	2500.764169	-3241.185202
243	0.906250	0.031250	72.327059	2721.380038	-3201.370297
244	0.875000	0.062500	73.255741	2630.669023	-3332.717059
245	0.968750	0.031250	71.442050	2909.412953	-3199.467298
246	0.906250	0.093750	73.362393	2728.927687	-3466.483367
247	0.718750	0.156250	76.772541	2116.036070	-3743.771205
248	0.781250	0.156250	76.076268	2341.897699	-3721.563518
249	0.750000	0.187500	77.025571	2238.675193	-3847.465594
250	0.843750	0.156250	75.308616	2536.178854	-3734.218110
251	0.781250	0.218750	77.275600	2326.941206	-3996.194443
252	0.343750	0.281250	82.040291	895.164623	-4136.634044
253	0.281250	0.281250	82.292441	747.758648	-4151.144453
254	0.406250	0.281250	81.732541	1077.329485	-4152.751642
255	0.375000	0.312500	82.548209	975.968543	-4235.481023
256	0.468750	0.281250	81.366477	1268.731966	-4169.077470
257	0.406250	0.343750	83.059371	1056.055984	-4338.960983
258	0.343750	0.343750	83.360637	901.863313	-4344.630462
259	0.531250	0.281250	80.939051	1470.305045	-4184.245967
260	0.500000	0.312500	81.821183	1359.222881	-4277.883884
261	0.531250	0.343750	82.279156	1450.501908	-4392.424133
262	0.468750	0.343750	82.700050	1247.352694	-4365.787755
263	0.593750	0.343750	81.792814	1666.467435	-4416.805016
264	0.562500	0.375000	82.741205	1542.888934	-4513.413325
265	0.437500	0.375000	83.574669	1135.405706	-4447.738924
266	0.593750	0.281250	80.446972	1682.645119	-4196.589434
267	0.656250	0.281250	79.886825	1905.892499	-4204.152357
268	0.625000	0.312500	80.840881	1787.683643	-4313.492940
269	0.718750	0.281250	79.255238	2099.329577	-4245.648865
270	0.656250	0.343750	81.236915	1853.927026	-4475.022115
271	0.468750	0.406250	84.095107	1214.043400	-4562.577473
272	0.406250	0.406250	84.444151	1050.600187	-4557.025364
273	0.531250	0.406250	83.684651	1417.761141	-4602.742478
274	0.500000	0.437500	84.621809	1292.047611	-4684.359394
275	0.593750	0.406250	83.208203	1594.458586	-4676.715090
276	0.531250	0.468750	85.156035	1328.003528	-4844.464137
277	0.468750	0.468750	85.551447	1193.277992	-4794.588122
278	0.031250	0.093750	79.173405	79.530365	-3613.992676
279	0.062500	0.125000	79.725625	159.371987	-3693.590924
280	0.031250	0.156250	80.327651	79.516105	-3773.166429
281	0.093750	0.156250	80.277848	239.216875	-3773.834526
282	0.031250	0.218750	81.531599	78.833432	-3931.651715
283	0.125000	0.187500	80.830224	318.767969	-3855.072827
284	0.093750	0.218750	81.482216	237.219269	-3933.696174
285	0.093750	0.281250	82.736307	233.081323	-4091.592804
286	0.062500	0.250000	82.133737	156.643292	-4011.250853
287	0.125000	0.312500	83.339699	307.807997	-4173.092600
288	0.093750	0.343750	84.039284	226.627320	-4246.050940
289	0.031250	0.281250	82.784826	77.434890	-4088.062320
290	0.156250	0.218750	81.383004	397.735961	-3937.678160
291	0.187500	0.250000	81.936546	475.844122	-4022.049162
292	0.156250	0.281250	82.638789	391.034968	-4098.530446
293	0.218750	0.281250	82.491311	552.826414	-4108.617402
294	0.156250	0.343750	83.944421	380.492638	-4256.195606
295	0.031250	0.343750	84.086454	75.263442	-4240.914103
296	0.062500	0.375000	84.737673	147.955039	-4317.756367
297	0.031250	0.406250	85.435129	72.257485	-4388.596152
298	0.093750	0.406250	85.389827	217.670059	-4395.462937
299	0.031250	0.468750	86.828969	68.359135	-4529.383360
300	0.250000	0.312500	83.047874	628.432249	-4197.852819
301	0.218750	0.343750	83.800823	538.536855	-4271.080912
302	0.218750	0.406250	85.160511	518.399172	-4429.188841
303	0.187500	0.375000	84.551104	450.801675	-4341.385697
304	0.250000	0.437500	85.773544	582.947216	-4520.178409
305	0.218750	0.468750	86.568749	491.892503	-4581.166587
306	0.156250	0.406250	85.298664	365.776066	-4409.077381
307	0.218750	0.531250	88.023319	458.545319	-4725.023138
308	0.187500	0.500000	87.359296	404.879415	-4638.728889
309	0.156250	0.531250	88.145362	322.526994	-4693.305998
310	0.156250	0.468750	86.699756	346.551300	-4555.419396
311	0.156250	0.593750	89.632525	293.504121	-4820.681233
312	0.125000	0.562500	88.927290	245.422317	-4745.377872
313	0.125000	0.437500	86.043585	284.006247	-4474.513069
314	0.250000	0.562500	88.693106	507.068935	-4814.923981
315	0.218750	0.593750	89.521353	418.001261	-4858.567230
316	0.218750	0.656250	91.059264	370.103782	-4979.440708
317	0.187500	0.625000	90.342692	335.258176	-4898.520863
318	0.250000	0.687500	91.783897	397.390179	-5063.988523
319	0.218750	0.718750	92.632716	314.980848	-5085.201937
320	0.156250	0.656250	91.157628	259.423733	-4935.393058
321	0.093750	0.468750	86.786096	206.027413	-4538.091775
322	0.093750	0.531250	88.225685	191.542819	-4672.074699
323	0.062500	0.500000	87.526572	132.362738	-4600.247103
324	0.093750	0.593750	89.705591	174.113974	-4795.448947
325	0.031250	0.531250	88.265539	63.519886	-4661.437167
326	0.281250	0.343750	83.606923	702.423904	-4290.270602
327	0.312500	0.375000	84.169267	774.577375	-4386.439672
328	0.281250	0.406250	84.973668	677.398191	-4455.376971
329	0.343750	0.406250	84.735844	844.677809	-4486.994657
330	0.281250	0.468750	86.391249	644.102828	-4614.980359
331	0.375000	0.437500	85.307727	912.519386	-4592.649730
332	0.343750	0.468750	86.164773	805.346497	-4656.290584
333	0.343750	0.531250	87.645679	754.733329	-4818.863370
334	0.312500	0.500000	87.014835	701.498846	-4714.285896
335	0.375000	0.562500	88.285355	803.359130	-4929.572835
336	0.343750	0.593750	89.176083	691.879850	-4972.149953
337	0.281250	0.531250	87.857639	601.809536	-4767.008379
338	0.406250	0.468750	85.886141	977.898682	-4704.215603
339	0.437500	0.500000	86.472479	1040.609189	-4822.622523
340	0.406250	0.531250	87.384008	919.963501	-4879.894638
341	0.468750	0.531250	87.068321	1139.605358	-4924.025231
342	0.406250	0.593750	88.935654	882.198154	-5028.040746
343	0.281250	0.593750	89.370114	549.922858	-4909.096059
344	0.312500	0.625000	90.056001	586.505598	-5008.252562
345	0.281250	0.656250	90.925171	488.098595	-5038.604963
346	0.343750	0.656250	90.752636	646.528436	-5099.022837
347	0.281250	0.718750	92.518441	441.246428	-5143.044146
348	0.031250	0.593750	89.741813	57.709565	-4782.844375
349	0.062500	0.625000	90.480936	109.119164	-4844.035756
350	0.031250	0.656250	91.254160	50.924892	-4891.651539
351	0.093750	0.656250	91.222183	153.727079	-4906.196616
352	0.031250	0.718750	92.798338	43.201402	-4985.940248
353	0.125000	0.687500	91.966846	191.012867	-4969.793644
354	0.093750	0.718750	92.771201	130.478659	-5002.315103
355	0.093750	0.781250	94.347767	104.601534	-5081.904218
356	0.062500	0.750000	93.571707	78.225221	-5033.515726
357	0.125000	0.812500	95.128066	121.837718	-5131.424396
358	0.093750	0.843750	95.946439	76.472799	-5143.265556
359	0.031250	0.781250	94.369521	34.617646	-5063.902096
360	0.156250	0.718750	92.716373	220.422001	-5035.268549
361	0.187500	0.750000	93.472369	241.348952	-5103.028645
362	0.156250	0.781250	94.303787	176.870864	-5118.210292
363	0.218750	0.781250	94.236601	272.242824	-5167.390487
364	0.156250	0.843750	95.914270	142.845357	-5179.104899
365	0.031250	0.843750	95.962341	25.299457	-5123.935721
366	0.062500	0.875000	96.760259	40.950747	-5154.235457
367	0.031250	0.906250	97.570975	15.416925	-5164.734112
368	0.093750	0.906250	97.561283	54.546710	-5184.017507
369	0.031250	0.968750	99.189246	7.789919	-5186.236302
370	0.968750	0.093750	72.463729	2988.354808	-3380.810153
371	0.968750	0.156250	73.555453	3038.312495	-3609.068291
372	0.937500	0.125000	73.462513	2898.701256	-3517.830035
373	0.968750	0.218750	74.719888	3090.759274	-3846.908221
374	0.906250	0.156250	74.468478	2805.045263	-3655.673798
375	0.968750	0.281250	75.960403	3145.463755	-4097.010656
376	0.937500	0.250000	75.807772	2992.809822	-3995.870058
377	0.906250	0.281250	76.903143	2888.070630	-4145.070172
378	0.906250	0.218750	75.647654	2846.945657	-3894.490817
379	0.906250	0.343750	78.239100	2927.491344	-4410.699606
380	0.875000	0.312500	78.004851	2775.873172	-4293.435892
381	0.875000	0.187500	75.481022	2706.919423	-3793.489982
382	0.968750	0.343750	77.281331	3202.232520	-4362.846292
383	0.968750	0.406250	78.688221	3260.768358	-4648.856855
384	0.937500	0.375000	78.467367	3088.584329	-4529.467632
385	0.968750	0.468750	80.188205	3320.570862	-4960.913233
386	0.906250	0.406250	79.660817	2963.846914	-4695.466547
387	0.843750	0.218750	76.499341	2603.848100	-3930.439121
388	0.843750	0.281250	77.765698	2632.278542	-4178.276173
389	0.812500	0.250000	77.522430	2495.428958	-4065.618178
390	0.843750	0.343750	79.111466	2655.650401	-4439.697707
391	0.781250	0.281250	78.549081	2381.376297	-4198.035874
392	0.968750	0.531250	81.790538	3380.775328	-5307.046699
393	0.937500	0.500000	81.486024	3178.576189	-5154.452454
394	0.906250	0.531250	82.790330	3017.893056	-5345.210538
395	0.906250	0.468750	81.175023	2995.065531	-5004.638488
396	0.906250	0.593750	84.517881	3027.022745	-5726.755644
397	0.875000	0.562500	84.097393	2837.040074	-5529.261219
398	0.875000	0.437500	80.859646	2827.047060	-4858.941961
399	0.843750	0.593750	85.402632	2635.382385	-5701.743167
400	0.843750	0.531250	83.678729	2667.860904	-5343.334964
401	0.812500	0.500000	83.262995	2514.892220	-5168.662193
402	0.843750	0.468750	82.061359	2677.482295	-5017.578116
403	0.781250	0.531250	84.461151	2339.636888	-5309.164076
404	0.781250	0.468750	82.850745	2374.590386	-5004.571266
405	0.843750	0.406250	80.541386	2671.791940	-4718.083408
406	0.843750	0.656250	87.244411	2567.933524	-6100.481693
407	0.812500	0.625000	86.700652	2413.634793	-5857.047343
408	0.781250	0.656250	87.985394	2174.354613	-5989.303950
409	0.781250	0.593750	86.170171	2276.867607	-5636.659837
410	0.781250	0.718750	89.914823	2014.502398	-6366.475344
411	0.750000	0.687500	89.250458	1922.236918	-6093.216975
412	0.750000	0.562500	85.652047	2152.877509	-5435.911767
413	0.812500	0.375000	80.221271	2527.008905	-4582.385280
414	0.781250	0.406250	81.332260	2389.801415	-4719.838910
415	0.781250	0.343750	79.899973	2390.791880	-4451.920452
416	0.750000	0.437500	82.442160	2244.211762	-4850.249715
417	0.750000	0.312500	79.577896	2261.563031	-4326.612225
418	0.968750	0.593750	83.507435	3439.832332	-5698.739193
419	0.968750	0.656250	85.355438	3494.825382	-6153.267431
420	0.937500	0.625000	84.938273	3243.753277	-5935.383766
421	0.968750	0.718750	87.357784	3539.834376	-6698.452711
422	0.906250	0.656250	86.372338	3013.333891	-6162.771338
423	0.968750	0.781250	89.548885	3561.398748	-7383.479050
424	0.937500	0.750000	88.957030	3223.651391	-7009.948629
425	0.906250	0.781250	90.548062	2833.330123	-7285.074875
426	0.906250	0.718750	88.373390	2960.042325	-6672.786689
427	0.906250	0.843750	92.933819	2556.381231	-8034.888242
428	0.875000	0.812500	92.111774	2373.340254	-7488.879011
429	0.875000	0.687500	87.802029	2746.655750	-6370.942413
430	0.968750	0.843750	91.983947	3522.800768	-8308.698899
431	0.968750	0.906250	94.764016	3284.347942	-9739.085348
432	0.937500	0.875000	93.815091	2823.102579	-8744.575420
433	0.968750	0.968750	98.128474	1667.766711	-11316.676982
434	0.906250	0.906250	95.578583	1894.767116	-8694.417710
435	0.843750	0.718750	89.217977	2445.314327	-6547.728438
436	0.843750	0.781250	91.339632	2232.720073	-7048.153977
437	0.812500	0.750000	90.609464	2116.224243	-6680.536369
438	0.843750	0.843750	93.625586	1833.326265	-7460.436176
439	0.781250	0.781250	91.965426	1738.726780	-6670.120760
440	0.718750	0.343750	80.607293	2136.057798	-4450.193756
441	0.718750	0.406250	82.037170	2121.625924	-4704.857313
442	0.687500	0.375000	81.635538	2005.165100	-4567.587396
443	0.718750	0.468750	83.548467	2090.829336	-4971.730598
444	0.656250	0.406250	82.660776	1869.453136	-4677.607277
445	0.718750	0.531250	85.145204	2038.302042	-5251.954978
446	0.687500	0.500000	84.648508	1930.710777	-5082.426838
447	0.656250	0.531250	85.739532	1765.397994	-5180.655121
448	0.656250	0.468750	84.160833	1828.313744	-4925.365759
449	0.656250	0.593750	87.399076	1674.717777	-5442.023367
450	0.625000	0.562500	86.818817	1596.886577	-5265.060305
451	0.625000	0.437500	83.681081	1729.771627	-4779.138074
452	0.718750	0.593750	86.831667	1956.703508	-5545.867183
453	0.718750	0.656250	88.612036	1836.158026	-5851.983384
454	0.687500	0.625000	87.995935	1754.134643	-5636.476760
455	0.718750	0.718750	90.489579	1633.393953	-6096.337067
456	0.656250	0.656250	89.140961	1520.420302	-5650.284012
457	0.593750	0.468750	84.694514	1587.243372	-4871.205539
458	0.593750	0.531250	86.252860	1519.904997	-5102.807265
459	0.562500	0.500000	85.699193	1443.236877	-4953.051206
460	0.593750	0.593750	87.883801	1400.176500	-5287.708715
461	0.531250	0.531250	86.693362	1272.594929	-4983.230449
462	0.906250	0.968750	98.486127	831.639971	-9688.784895
463	0.843750	0.968750	98.675182	488.232718	-8478.832289
464	0.875000	0.937500	97.205209	1175.390086	-8802.851920
465	0.781250	0.968750	98.798690	335.412971	-7688.385068
466	0.843750	0.906250	96.080944	1334.004717	-8124.293843
467	0.718750	0.968750	98.887773	248.813438	-7118.252408
468	0.750000	0.937500	97.699239	564.110839	-7321.552541
469	0.718750	0.906250	96.683226	719.703228	-6990.850712
470	0.781250	0.906250	96.427267	952.513736	-7488.721531
471	0.656250	0.906250	96.880771	563.280643	-6595.321198
472	0.687500	0.875000	95.735815	824.605010	-6695.569001
473	0.812500	0.875000	95.068313	1409.449394	-7589.068736
474	0.656250	0.968750	98.955645	192.774534	-6683.871802
475	0.593750	0.968750	99.009063	153.243453	-6341.999048
476	0.625000	0.937500	97.970727	339.954952	-6474.413754
477	0.531250	0.968750	99.051912	123.575139	-6067.762743
478	0.593750	0.906250	97.037428	450.521117	-6276.462282
479	0.781250	0.843750	94.139457	1441.622712	-7153.264245
480	0.718750	0.843750	94.534032	1121.977044	-6763.986158
481	0.750000	0.812500	93.275993	1448.432800	-6788.805378
482	0.656250	0.843750	94.845234	893.459232	-6432.117726
483	0.718750	0.781250	92.465060	1438.888310	-6477.438885
484	0.468750	0.968750	99.086614	100.219900	-5845.669162
485	0.500000	0.937500	98.142124	221.281425	-5933.687646
486	0.468750	0.906250	97.266277	296.593921	-5804.485250
487	0.531250	0.906250	97.163694	364.736752	-6016.832968
488	0.406250	0.906250	97.349675	240.473615	-5631.061622
489	0.437500	0.875000	96.420299	352.539937	-5681.135083
490	0.562500	0.875000	96.148773	531.690617	-6091.443158
491	0.406250	0.843750	95.600439	391.685221	-5564.044482
492	0.468750	0.843750	95.464803	481.407086	-5724.948761
493	0.500000	0.812500	94.481726	627.036143	-5759.986343
494	0.531250	0.843750	95.298646	589.086794	-5919.474511
495	0.468750	0.781250	93.693392	648.859681	-5612.082701
496	0.531250	0.781250	93.470066	788.791272	-5783.438273
497	0.593750	0.843750	95.095324	722.417597	-6153.003117
498	0.343750	0.843750	95.710262	314.792265	-5432.539170
499	0.375000	0.812500	94.803281	416.171489	-5453.243013
500	0.343750	0.781250	94.025721	427.774510	-5348.519335
501	0.406250	0.781250	93.876703	530.434139	-5467.869101
502	0.281250	0.781250	94.144657	336.711254	-5252.026901
503	0.312500	0.750000	93.264953	427.964279	-5249.509733
504	0.437500	0.750000	92.929619	657.115926	-5474.738549
505	0.625000	0.812500	94.002105	935.895419	-6196.310520
506	0.593750	0.781250	93.198885	958.362096	-5984.208245
507	0.656250	0.781250	92.868979	1169.342790	-6215.912565
508	0.562500	0.750000	92.429418	965.275201	-5792.365879
509	0.687500	0.750000	91.697199	1417.946281	-6206.851505
510	0.406250	0.968750	99.114764	81.105439	-5665.509553
511	0.343750	0.968750	99.137455	64.933481	-5520.289527
512	0.375000	0.937500	98.254724	144.823306	-5576.865969
513	0.281250	0.968750	99.155454	50.841916	-5405.095716
514	0.343750	0.906250	97.417003	192.780617	-5490.602469
515	0.218750	0.968750	99.169306	38.225576	-5316.438603
516	0.250000	0.937500	98.326720	88.456770	-5348.222743
517	0.218750	0.906250	97.511652	113.672100	-5292.551587
518	0.281250	0.906250	97.470469	151.087492	-5378.804595
519	0.156250	0.906250	97.541668	79.247321	-5229.613601
520	0.187500	0.875000	96.708167	127.258033	-5238.353496
521	0.312500	0.875000	96.598848	226.454951	-5407.282435
522	0.156250	0.968750	99.179397	26.637059	-5251.855912
523	0.093750	0.968750	99.185989	15.725647	-5209.667985
524	0.125000	0.937500	98.367084	42.102303	-5219.897902
525	0.281250	0.843750	95.797659	247.159281	-5327.182577
526	0.218750	0.843750	95.865078	186.192288	-5245.517534
527	0.250000	0.812500	95.010999	256.043990	-5250.366199
528	0.656250	0.718750	90.965178	1388.532184	-5968.415469
529	0.593750	0.718750	91.360108	1154.216611	-5783.959312
530	0.625000	0.687500	90.263288	1352.470985	-5755.871584
531	0.531250	0.718750	91.688613	959.730870	-5617.857279
532	0.593750	0.656250	89.586905	1310.955215	-5564.542110
533	0.468750	0.718750	91.961489	795.377033	-5472.096662
534	0.500000	0.687500	90.972204	943.950882	-5458.217450
535	0.468750	0.656250	90.276572	919.567240	-5311.371561
536	0.531250	0.656250	89.962144	1101.128433	-5431.543911
537	0.406250	0.656250	90.538023	760.268715	-5205.867246
538	0.437500	0.625000	89.598616	887.806577	-5175.563628
539	0.562500	0.625000	88.932206	1264.796002	-5390.837803
540	0.406250	0.718750	92.186894	653.792884	-5346.905320
541	0.343750	0.718750	92.370994	529.408516	-5241.734466
542	0.375000	0.687500	91.462137	640.450208	-5227.566221
543	0.531250	0.593750	88.295974	1214.567483	-5231.943871
544	0.468750	0.593750	88.644214	1021.776450	-5135.719788
545	0.500000	0.562500	87.675468	1160.692495	-5085.608221
